lat: 55.733333
lng: 12.366667
usegeoclue: true
